    21.23543    21.73149    22.80082   138.37957
   102.87578   137.73589   129.40898     3.76473
    29.83148    37.15674    57.17733   116.62648
    38.11413    32.13680    38.81042    23.41904
 0.41260E-02 0.43950E-02 0.43587E-02 0.45702E-02
 0.15123E+01 0.15048E+01 0.14938E+01 0.15120E+01
 0.21091E+02 0.11320E+02 0.26307E+01 0.18334E+01
 0.38774E+01 0.26291E+01 0.50174E+00 0.60760E+00
 0.66206E+01 0.82687E+01 0.60796E+01 0.47155E+01
 0.30097E-02 0.28998E-02 0.28009E-02 0.27056E-02
 0.12387E+00 0.15078E+00 0.11959E+00 0.20074E+00
 0.29137E-04 0.36810E-04 0.30228E-04 0.52525E-04
 0.75327E-01 0.17094E+00 0.16294E+00 0.34847E+00
 0.12630E-04 0.36209E-04 0.28342E-04 0.10533E-03
 0.22095E+01 0.27625E+01 0.20577E+01 0.17242E+01
 0.22078E+02 0.52654E+01 0.53230E+01 0.11616E+01
 0.75356E+01 0.74340E+01 0.75196E+01 0.72796E+01
 0.49090E+01 0.87079E+00 0.75565E+00 0.35510E+00
-0.47326E+02-0.31372E+02-0.24899E+02-0.61155E-02
