    29.38820    21.17273    22.86292   144.98380
   135.42266   148.15520   138.99530     2.37667
    13.15111    30.42115    38.23927   120.13679
    19.48695    26.16749    23.62280    25.10081
 0.30572E-02 0.40054E-02 0.41755E-02 0.56313E-02
 0.15059E+01 0.13855E+01 0.14381E+01 0.15048E+01
 0.12181E+02 0.18405E+02 0.17564E+02 0.18458E+01
 0.32454E+01 0.47844E+01 0.52723E+01 0.70323E+00
 0.57423E+01 0.64861E+01 0.54981E+01 0.48825E+01
 0.32313E-02 0.23307E-02 0.23226E-02 0.21946E-02
 0.19274E+00 0.13563E+00 0.15608E+00 0.18719E+00
 0.42226E-04 0.41199E-04 0.47575E-04 0.60384E-04
 0.21039E-01 0.12039E+00 0.97912E-01 0.33497E+00
 0.51121E-05 0.28541E-04 0.26805E-04 0.11639E-03
 0.21169E+01 0.26882E+01 0.19600E+01 0.16155E+01
 0.79830E-03 0.46749E+01 0.88176E+01 0.12098E+01
 0.73744E+01 0.73851E+01 0.73226E+01 0.72191E+01
 0.36492E+01 0.11862E+01 0.79116E+00-0.80585E+00
-0.80573E+02-0.40225E+02-0.37612E+02 0.75413E-01
