     7.54498    16.76686    16.76686   144.06689
   113.47690   125.81971   125.81971     4.94170
    27.45044    31.00868    31.00868   121.83699
    20.98267    26.24159    26.24159    25.85714
 0.41972E-02 0.43160E-02 0.43160E-02 0.57359E-02
 0.14877E+01 0.14784E+01 0.14784E+01 0.14851E+01
 0.40460E+02 0.22059E+02 0.22059E+02 0.18740E+01
 0.13744E+02 0.61614E+01 0.61614E+01 0.70597E+00
 0.92213E+01 0.10837E+02 0.10837E+02 0.62836E+01
 0.14114E-01 0.13976E-01 0.13976E-01 0.12912E-01
 0.10734E+01 0.87394E+00 0.87394E+00 0.10890E+01
 0.53839E-04 0.44268E-04 0.44268E-04 0.59707E-04
 0.81426E-01 0.12971E+00 0.12971E+00 0.41586E+00
 0.25226E-04 0.33043E-04 0.33043E-04 0.14288E-03
 0.50867E-01 0.25528E+01 0.25528E+01 0.17315E+01
 0.35636E+02 0.15842E+02 0.15842E+02 0.12331E+01
 0.72689E+01 0.73539E+01 0.73539E+01 0.72240E+01
 0.49287E+01 0.34082E+01 0.34082E+01-0.11890E+01
-0.48500E+02-0.39071E+02-0.39071E+02-0.25058E-01
