   144.00000    22.50716   144.88076
     4.00000   146.04852     3.83429
   120.10021     9.38264   118.92120
    25.00000    18.58772    26.81114
 0.44100E-02 0.43587E-02 0.43568E-02
 0.15000E+01 0.14935E+01 0.14928E+01
 0.20001E+01 0.11767E+02 0.21475E+01
 0.59987E+00 0.46860E+01 0.59264E+00
 0.50000E+01 0.49658E+01 0.49290E+01
 0.29790E-02 0.54851E-02 0.30950E-02
 0.20002E+00 0.48901E+00 0.19121E+00
 0.47534E-04 0.63115E-04 0.43738E-04
 0.99973E+00 0.16195E+00 0.74401E+00
 0.27345E-03 0.58818E-04 0.18726E-03
 0.50000E+01 0.64685E+01 0.60377E+01
 0.12500E+01 0.12096E-03 0.12289E+01
     7.32300     7.19987     7.35915
     0.00400     7.10141    -1.66058
     0.29665   -66.63749    -0.01832
